cubic 20 20 10 4096 256 2000 0 all
cubic 20 20 10 4096 256 2000 1 all
cubic 20 20 10 4096 256 2000 2 all
cubic 20 20 2 4096 256 2000 0 all
cubic 20 20 2 4096 256 2000 1 all
cubic 20 20 2 4096 256 2000 2 all
cubic 20 20 4 4096 256 2000 0 all
cubic 20 20 4 4096 256 2000 1 all
cubic 20 20 4 4096 256 2000 2 all
cubic 20 20 6 4096 256 2000 0 all
cubic 20 20 6 4096 256 2000 1 all
cubic 20 20 6 4096 256 2000 2 all
cubic 20 20 8 4096 256 2000 0 all
cubic 20 20 8 4096 256 2000 1 all
cubic 20 20 8 4096 256 2000 2 all
gaussian 2 10 1.5 4096 256 2000 0 all
gaussian 2 10 1.5 4096 256 2000 1 all
gaussian 2 10 1.5 4096 256 2000 2 all
gaussian 2 100 1.5 16384 256 2000 0 vcs_kernel
gaussian 2 100 1.5 256 256 2000 0 vcs_kernel
gaussian 2 100 1.5 4096 256 2000 0 all
gaussian 2 100 1.5 4096 256 2000 1 all
gaussian 2 100 1.5 4096 256 2000 2 all
gaussian 2 2 1.5 16384 256 2000 0 vcs_kernel
gaussian 2 2 1.5 256 256 2000 0 vcs_kernel
gaussian 2 2 1.5 4096 256 2000 0 all
gaussian 2 2 1.5 4096 256 2000 1 all
gaussian 2 2 1.5 4096 256 2000 2 all
gaussian 2 20 1.5 4096 256 2000 0 all
gaussian 2 20 1.5 4096 256 2000 1 all
gaussian 2 20 1.5 4096 256 2000 2 all
gaussian 2 50 1.5 4096 256 2000 0 all
gaussian 2 50 1.5 4096 256 2000 1 all
gaussian 2 50 1.5 4096 256 2000 2 all
gaussian 20 20 10 4096 256 2000 0 all
gaussian 20 20 10 4096 256 2000 1 all
gaussian 20 20 10 4096 256 2000 2 all
gaussian 20 20 2 4096 256 2000 0 all
gaussian 20 20 2 4096 256 2000 1 all
gaussian 20 20 2 4096 256 2000 2 all
gaussian 20 20 4 1024 256 2000 0 all
gaussian 20 20 4 1024 256 2000 1 all
gaussian 20 20 4 1024 256 2000 2 all
gaussian 20 20 4 16384 256 2000 0 all
gaussian 20 20 4 16384 256 2000 1 all
gaussian 20 20 4 16384 256 2000 2 all
gaussian 20 20 4 256 256 2000 0 all
gaussian 20 20 4 256 256 2000 1 all
gaussian 20 20 4 256 256 2000 2 all
gaussian 20 20 4 4096 1024 2000 0 all
gaussian 20 20 4 4096 1024 2000 1 all
gaussian 20 20 4 4096 1024 2000 2 all
gaussian 20 20 4 4096 1024 500 0 all
gaussian 20 20 4 4096 1024 500 1 all
gaussian 20 20 4 4096 1024 500 2 all
gaussian 20 20 4 4096 256 2000 0 all
gaussian 20 20 4 4096 256 2000 1 all
gaussian 20 20 4 4096 256 2000 2 all
gaussian 20 20 4 4096 64 2000 0 all
gaussian 20 20 4 4096 64 2000 1 all
gaussian 20 20 4 4096 64 2000 2 all
gaussian 20 20 4 4096 64 8000 0 all
gaussian 20 20 4 4096 64 8000 1 all
gaussian 20 20 4 4096 64 8000 2 all
gaussian 20 20 6 4096 256 2000 0 all
gaussian 20 20 6 4096 256 2000 1 all
gaussian 20 20 6 4096 256 2000 2 all
gaussian 20 20 8 4096 256 2000 0 all
gaussian 20 20 8 4096 256 2000 1 all
gaussian 20 20 8 4096 256 2000 2 all
xor_mixture 10 10 10 4096 256 2000 0 all
xor_mixture 10 10 10 4096 256 2000 1 all
xor_mixture 10 10 10 4096 256 2000 2 all
xor_mixture 10 10 2 4096 256 2000 0 all
xor_mixture 10 10 2 4096 256 2000 1 all
xor_mixture 10 10 2 4096 256 2000 2 all
xor_mixture 10 10 4 4096 256 2000 0 all
xor_mixture 10 10 4 4096 256 2000 1 all
xor_mixture 10 10 4 4096 256 2000 2 all
xor_mixture 10 10 6 4096 256 2000 0 all
xor_mixture 10 10 6 4096 256 2000 1 all
xor_mixture 10 10 6 4096 256 2000 2 all
xor_mixture 10 10 8 4096 256 2000 0 all
xor_mixture 10 10 8 4096 256 2000 1 all
xor_mixture 10 10 8 4096 256 2000 2 all
